2.856000365612092651e+02 -2.279168244552612919e+02 -1.570795305241850404e+00 1.000000000000000000e+00
2.856000367655198602e+02 -2.281168244582414388e+02 -1.570795305241850404e+00 1.000000000000000000e+00
2.856000369698304553e+02 -2.283168244612215574e+02 -1.570795305241850404e+00 1.000000000000000000e+00
2.856000371741411072e+02 -2.285168244642016759e+02 -1.570795305241850404e+00 1.000000000000000000e+00
2.856000373784517024e+02 -2.287168244671818229e+02 -1.570795305241850404e+00 1.000000000000000000e+00
2.856000375827622975e+02 -2.289168244701619415e+02 -1.570795305241850404e+00 1.000000000000000000e+00
2.856000377870729494e+02 -2.291168244731420600e+02 -1.570795305241850404e+00 1.000000000000000000e+00
2.856000379913835445e+02 -2.293168244761222070e+02 -1.570795305241850404e+00 1.000000000000000000e+00
2.856000381956941396e+02 -2.295168244791023255e+02 -1.570795305241850404e+00 1.000000000000000000e+00
2.856000384000047916e+02 -2.297168244820824441e+02 -1.570795305241850404e+00 1.000000000000000000e+00
2.856000386043153867e+02 -2.299168244850625911e+02 -1.570795305241850404e+00 1.000000000000000000e+00
2.856000388086259818e+02 -2.301168244880427096e+02 -1.570795305241850404e+00 1.000000000000000000e+00
2.856000390129365769e+02 -2.303168244910228282e+02 -1.570795305241850404e+00 1.000000000000000000e+00
2.856000392172472289e+02 -2.305168244940029751e+02 -1.570795305241850404e+00 1.000000000000000000e+00
2.856000394215578240e+02 -2.307168244969830937e+02 -1.570795305241850404e+00 1.000000000000000000e+00
2.856000396258684191e+02 -2.309168244999632122e+02 -1.570795305241850404e+00 1.000000000000000000e+00
2.855857604906605616e+02 -2.311167500996206172e+02 -1.581218369473723184e+00 1.000000000000000000e+00
2.855693983314545221e+02 -2.313165160097423723e+02 -1.591641433705595521e+00 1.000000000000000000e+00
2.855509549258237598e+02 -2.315161005279029780e+02 -1.602064497937468301e+00 1.000000000000000000e+00
2.855304322774465504e+02 -2.317154819713831273e+02 -1.612487562169340860e+00 1.000000000000000000e+00
2.855078326158887876e+02 -2.319146386795255808e+02 -1.622910626401213419e+00 1.000000000000000000e+00
2.854831583963614889e+02 -2.321135490160880011e+02 -1.633333690633085977e+00 1.000000000000000000e+00
2.854564122994542004e+02 -2.323121913715937694e+02 -1.643756754864958536e+00 1.000000000000000000e+00
2.854275972308437872e+02 -2.325105441656795335e+02 -1.654179819096831094e+00 1.000000000000000000e+00
2.853967163209786690e+02 -2.327085858494397144e+02 -1.664602883328703653e+00 1.000000000000000000e+00
2.853637729247388393e+02 -2.329062949077674318e+02 -1.675025947560576212e+00 1.000000000000000000e+00
2.853287706210712145e+02 -2.331036498616921335e+02 -1.685449011792448770e+00 1.000000000000000000e+00
2.852917132126009960e+02 -2.333006292707128182e+02 -1.695872076024321329e+00 1.000000000000000000e+00
2.852526047252186459e+02 -2.334972117351273937e+02 -1.706295140256193665e+00 1.000000000000000000e+00
2.852114494076421920e+02 -2.336933758983576865e+02 -1.716718204488066446e+00 1.000000000000000000e+00
2.851682517309558307e+02 -2.338891004492693355e+02 -1.727141268719938783e+00 1.000000000000000000e+00
2.850688722329485358e+02 -2.340742864458740371e+02 -1.774323113431242716e+00 1.000000000000000000e+00
2.849608690502582817e+02 -2.342545788110940634e+02 -1.821504958142546426e+00 1.000000000000000000e+00
2.848444826758776571e+02 -2.344295766873840705e+02 -1.868686802853850137e+00 1.000000000000000000e+00
2.847199721909136088e+02 -2.345988904454056296e+02 -1.915868647565153848e+00 1.000000000000000000e+00
2.845876146875551740e+02 -2.347621433249510403e+02 -1.963050492276457559e+00 1.000000000000000000e+00
2.844477047591685732e+02 -2.349189720253708060e+02 -2.010232336987761492e+00 1.000000000000000000e+00
2.843005538334679727e+02 -2.350690273467550639e+02 -2.057414181699064759e+00 1.000000000000000000e+00
2.841742705416880312e+02 -2.352279670948485659e+02 -2.081606514920500750e+00 1.000000000000000000e+00
2.842205046675948097e+02 -2.350229489551326481e+02 -2.128788359631804461e+00 -1.000000000000000000e+00
2.842763568885165455e+02 -2.348203395874912758e+02 -2.175970204343107728e+00 -1.000000000000000000e+00
2.843417029217003460e+02 -2.346205899162546302e+02 -2.223152049054411439e+00 -1.000000000000000000e+00
2.844163972521383243e+02 -2.344241445371316956e+02 -2.270333893765715594e+00 -1.000000000000000000e+00
2.845002736752091437e+02 -2.342314407501440598e+02 -2.317515738477019305e+00 -1.000000000000000000e+00
2.845931454843466781e+02 -2.340429074024744125e+02 -2.364697583188322572e+00 -1.000000000000000000e+00
2.846948059900137196e+02 -2.338589640721519345e+02 -2.411879427899626727e+00 -1.000000000000000000e+00
2.848050289606208025e+02 -2.336800202267300222e+02 -2.459061272610929993e+00 -1.000000000000000000e+00
2.849235690323035328e+02 -2.335064740630644451e+02 -2.506243117322234149e+00 -1.000000000000000000e+00
2.850501623206613431e+02 -2.333387118498072255e+02 -2.553424962033537859e+00 -1.000000000000000000e+00
2.851845273555713902e+02 -2.331771070077486172e+02 -2.600606806744841570e+00 -1.000000000000000000e+00
2.853263644634716343e+02 -2.330220190333858739e+02 -2.647788889874723939e+00 -1.000000000000000000e+00
2.854753586567850903e+02 -2.328737939408108844e+02 -2.694970496167448548e+00 -1.000000000000000000e+00
2.856311778157217418e+02 -2.327327603260899025e+02 -2.742152579297331805e+00 -1.000000000000000000e+00
2.857934754330604505e+02 -2.325992335739323664e+02 -2.789334185590056414e+00 -1.000000000000000000e+00
2.859618899139621817e+02 -2.324735092447688487e+02 -2.836516268719939227e+00 -1.000000000000000000e+00
2.861360470684485904e+02 -2.323558685857131820e+02 -2.883697875012663836e+00 -1.000000000000000000e+00
2.863155586889411097e+02 -2.322465725008381980e+02 -2.930879958142546649e+00 -1.000000000000000000e+00
2.865000254662089674e+02 -2.321458648126779281e+02 -2.978061564435271258e+00 -1.000000000000000000e+00
2.866890363113190006e+02 -2.320539691426180298e+02 -3.025243647565154070e+00 -1.000000000000000000e+00
2.868821716707666951e+02 -2.319710907239143296e+02 -3.072425253857878680e+00 -1.000000000000000000e+00
2.870790008146875607e+02 -2.318974132661039391e+02 -3.119607336987761492e+00 -1.000000000000000000e+00
2.872790855644069552e+02 -2.318331013649264207e+02 3.116396300326081281e+00 -1.000000000000000000e+00
2.874819811143536867e+02 -2.317782976598364257e+02 3.069214217196198469e+00 -1.000000000000000000e+00
2.876872354542307448e+02 -2.317331247062723492e+02 3.022032610903473859e+00 -1.000000000000000000e+00
2.878943926057315252e+02 -2.316976824310115717e+02 2.974850527773590159e+00 -1.000000000000000000e+00
2.881029901302314897e+02 -2.316720504304100245e+02 2.927668921480866437e+00 -1.000000000000000000e+00
2.883125648774937417e+02 -2.316562847177995934e+02 2.880486838350983625e+00 -1.000000000000000000e+00
2.885226493070267679e+02 -2.316504216172050974e+02 2.833305232058259016e+00 -1.000000000000000000e+00
2.887327770676706109e+02 -2.316544728125204244e+02 2.786123148928376203e+00 -1.000000000000000000e+00
2.889424795520153566e+02 -2.316684309295715138e+02 2.738941542635651594e+00 -1.000000000000000000e+00
2.891512907871262428e+02 -2.316922630962359335e+02 2.691759459505768781e+00 -1.000000000000000000e+00
2.893117620942290955e+02 -2.318218722767067845e+02 2.727964751253815656e+00 -1.000000000000000000e+00
2.894721492582183942e+02 -2.319576883004294245e+02 2.775146357546540266e+00 -1.000000000000000000e+00
2.896387631405208367e+02 -2.320857892633718222e+02 2.822328440676423078e+00 -1.000000000000000000e+00
2.898112334777605383e+02 -2.322058887641929061e+02 2.869510046969147687e+00 -1.000000000000000000e+00
2.899891761980775300e+02 -2.323177208371227778e+02 2.916692130099029612e+00 -1.000000000000000000e+00
2.901721958184127175e+02 -2.324210352377098729e+02 2.963873736391755109e+00 -1.000000000000000000e+00
2.903598839986943290e+02 -2.325156033416330388e+02 3.011055819521637922e+00 -1.000000000000000000e+00
2.905518239020208284e+02 -2.326012133347744850e+02 3.058237425814363419e+00 -1.000000000000000000e+00
2.907475878477234232e+02 -2.326776759937625911e+02 3.105419508944246232e+00 -1.000000000000000000e+00
2.908999938964843750e+02 -2.327299957275390625e+02 3.141592653589793116e+00 -1.000000000000000000e+00
