2.856000061634002805e+02 -2.181126860427856968e+02 1.570795484135179665e+00 1.000000000000000000e+00
2.856000063319322635e+02 -2.179126860398055214e+02 1.570795484135179665e+00 1.000000000000000000e+00
2.856000065004641897e+02 -2.177126860368253745e+02 1.570795484135179665e+00 1.000000000000000000e+00
2.856000066689961159e+02 -2.175126860338451991e+02 1.570795484135179665e+00 1.000000000000000000e+00
2.856000068375280989e+02 -2.173126860308650521e+02 1.570795484135179665e+00 1.000000000000000000e+00
2.856000070060600251e+02 -2.171126860278848767e+02 1.570795484135179665e+00 1.000000000000000000e+00
2.856000071745919513e+02 -2.169126860249047297e+02 1.570795484135179665e+00 1.000000000000000000e+00
2.856000073431239343e+02 -2.167126860219245543e+02 1.570795484135179665e+00 1.000000000000000000e+00
2.856000075116558605e+02 -2.165126860189444074e+02 1.570795484135179665e+00 1.000000000000000000e+00
2.856000076801877867e+02 -2.163126860159642320e+02 1.570795484135179665e+00 1.000000000000000000e+00
2.856000078487197698e+02 -2.161126860129840850e+02 1.570795484135179665e+00 1.000000000000000000e+00
2.856000080172516959e+02 -2.159126860100039096e+02 1.570795484135179665e+00 1.000000000000000000e+00
2.856000081857836790e+02 -2.157126860070237626e+02 1.570795484135179665e+00 1.000000000000000000e+00
2.856000083543156052e+02 -2.155126860040435872e+02 1.570795484135179665e+00 1.000000000000000000e+00
2.856000085228475314e+02 -2.153126860010634402e+02 1.570795484135179665e+00 1.000000000000000000e+00
2.856000086913795144e+02 -2.151126859980832648e+02 1.570795484135179665e+00 1.000000000000000000e+00
2.855857295204062325e+02 -2.149127604009803179e+02 1.581218548367052001e+00 1.000000000000000000e+00
2.855693673254634746e+02 -2.147129944937856578e+02 1.591641612598924560e+00 1.000000000000000000e+00
2.855509238841283377e+02 -2.145134099789244431e+02 1.602064676830797119e+00 1.000000000000000000e+00
2.855304012000831335e+02 -2.143140285391156397e+02 1.612487741062669677e+00 1.000000000000000000e+00
2.855078015028975642e+02 -2.141148718350161175e+02 1.622910805294542236e+00 1.000000000000000000e+00
2.854831272477865127e+02 -2.139159615028677592e+02 1.633333869526414794e+00 1.000000000000000000e+00
2.854563811153434472e+02 -2.137173191521467288e+02 1.643756933758287353e+00 1.000000000000000000e+00
2.854275660112490414e+02 -2.135189663632157817e+02 1.654179997990159912e+00 1.000000000000000000e+00
2.853966850659555803e+02 -2.133209246849799854e+02 1.664603062222032470e+00 1.000000000000000000e+00
2.853637416343469226e+02 -2.131232156325456231e+02 1.675026126453905029e+00 1.000000000000000000e+00
2.853287392953737935e+02 -2.129258606848825934e+02 1.685449190685777587e+00 1.000000000000000000e+00
2.852916818516653166e+02 -2.127288812824912725e+02 1.695872254917650146e+00 1.000000000000000000e+00
2.852525733291156484e+02 -2.125322988250728997e+02 1.706295319149522705e+00 1.000000000000000000e+00
2.852114179764467394e+02 -2.123361346692050233e+02 1.716718383381395263e+00 1.000000000000000000e+00
2.851682202647465942e+02 -2.121404101260211803e+02 1.727141447613267822e+00 1.000000000000000000e+00
2.850688411637112836e+02 -2.119552241662942720e+02 1.774323292324571533e+00 1.000000000000000000e+00
2.849608379487678462e+02 -2.117749318203952953e+02 1.821505137035875244e+00 1.000000000000000000e+00
2.848444515430812771e+02 -2.115999339649260094e+02 1.868686981747178955e+00 1.000000000000000000e+00
2.847199410278282130e+02 -2.114306202291785723e+02 1.915868826458482665e+00 1.000000000000000000e+00
2.845875834952648233e+02 -2.112673673733110604e+02 1.963050671169786376e+00 1.000000000000000000e+00
2.844476735388226416e+02 -2.111105386979202478e+02 2.010232515881090087e+00 1.000000000000000000e+00
2.844127093277301697e+02 -2.109071099229560105e+02 1.972307391712694091e+00 1.000000000000000000e+00
2.844363038596021056e+02 -2.111159479121163542e+02 2.019489236423997802e+00 -1.000000000000000000e+00
2.844697216958783770e+02 -2.113234408367970616e+02 2.066671200344591064e+00 -1.000000000000000000e+00
2.845128887586049586e+02 -2.115291266039085087e+02 2.113853045055894775e+00 -1.000000000000000000e+00
2.845657088777325612e+02 -2.117325474810828041e+02 2.161034830162553710e+00 -1.000000000000000000e+00
2.846280643632451870e+02 -2.119332507831040573e+02 2.208216674873857421e+00 -1.000000000000000000e+00
2.846998164590407896e+02 -2.121307897448143365e+02 2.255398519585161132e+00 -1.000000000000000000e+00
2.847808055205857158e+02 -2.123247247904224366e+02 2.302580364296464843e+00 -1.000000000000000000e+00
2.848708512983182004e+02 -2.125146241574420856e+02 2.349762209007768554e+00 -1.000000000000000000e+00
2.849697533069415840e+02 -2.127000652152226223e+02 2.396944053719072265e+00 -1.000000000000000000e+00
2.850772914783916008e+02 -2.128806353292086442e+02 2.444125898430375976e+00 -1.000000000000000000e+00
2.851932264311822109e+02 -2.130559324360488063e+02 2.491307743141679687e+00 -1.000000000000000000e+00
2.853173002008659864e+02 -2.132255666437482944e+02 2.538489647457628173e+00 -1.000000000000000000e+00
2.854492364239209792e+02 -2.133891603048733714e+02 2.585671492168931884e+00 -1.000000000000000000e+00
2.855887417805170116e+02 -2.135463489739833847e+02 2.632853336880235595e+00 -1.000000000000000000e+00
2.857355054123746640e+02 -2.136967829561567100e+02 2.680035181591539306e+00 -1.000000000000000000e+00
2.858892010038595117e+02 -2.138401276484472646e+02 2.727217026302843017e+00 -1.000000000000000000e+00
2.860494862794042206e+02 -2.139760638788036147e+02 2.774398871014146728e+00 -1.000000000000000000e+00
2.862160044664034331e+02 -2.141042891508379569e+02 2.821580715725450439e+00 -1.000000000000000000e+00
2.863883848797846667e+02 -2.142245178284958342e+02 2.868762560436754150e+00 -1.000000000000000000e+00
2.865662443321976411e+02 -2.143364826464024020e+02 2.915944405148057861e+00 -1.000000000000000000e+00
2.867491863032172432e+02 -2.144399341668460011e+02 2.963126249859361572e+00 -1.000000000000000000e+00
2.869368039463610671e+02 -2.145346422931513359e+02 3.010308094570665283e+00 -1.000000000000000000e+00
2.871286797150751795e+02 -2.146203961494481405e+02 3.057489939281968994e+00 -1.000000000000000000e+00
2.873243863296344216e+02 -2.146970047195441396e+02 3.104671783993272705e+00 -1.000000000000000000e+00
2.875234885397972562e+02 -2.147642978474246434e+02 3.151853628704576415e+00 -1.000000000000000000e+00
2.877255429198237948e+02 -2.148221253792933965e+02 3.199035473415880126e+00 -1.000000000000000000e+00
2.879301000081594566e+02 -2.148703588353065186e+02 3.246217318127183837e+00 -1.000000000000000000e+00
2.881367039713897498e+02 -2.149088910601608404e+02 3.293399162838487548e+00 -1.000000000000000000e+00
2.883448951836494416e+02 -2.149376358983494981e+02 3.340581007549791259e+00 -1.000000000000000000e+00
2.885542109242028914e+02 -2.149565296150183542e+02 3.387762852261094970e+00 -1.000000000000000000e+00
2.887641847395508989e+02 -2.149655298724177044e+02 3.434944696972398681e+00 -1.000000000000000000e+00
2.889743495629792278e+02 -2.149646170097600475e+02 3.482126541683702392e+00 -1.000000000000000000e+00
2.891842368334878870e+02 -2.149537928146178558e+02 3.529308386395006103e+00 -1.000000000000000000e+00
2.893723189143876198e+02 -2.148853085817185047e+02 3.537183352062730712e+00 -1.000000000000000000e+00
2.895351293414561837e+02 -2.147524071420905898e+02 3.490001507351427001e+00 -1.000000000000000000e+00
2.897040268591451309e+02 -2.146273323092679277e+02 3.442819662640123290e+00 -1.000000000000000000e+00
2.898786352231609840e+02 -2.145103627483118487e+02 3.395637817928819580e+00 -1.000000000000000000e+00
2.900585665385365814e+02 -2.144017585921513955e+02 3.348455973217515869e+00 -1.000000000000000000e+00
2.902434193434766598e+02 -2.143017617839217053e+02 3.301274128506212158e+00 -1.000000000000000000e+00
2.904327827011651380e+02 -2.142105946259976292e+02 3.254092283794908447e+00 -1.000000000000000000e+00
2.906262357446397573e+02 -2.141284600104451101e+02 3.206910439083604736e+00 -1.000000000000000000e+00
2.908233466541863095e+02 -2.140555410147870248e+02 3.159728594372301025e+00 -1.000000000000000000e+00
2.908999938964843750e+02 -2.140299987792968750e+02 3.141592653589793116e+00 -1.000000000000000000e+00
