2.856000060615203324e+02 -2.196384919387102173e+02 -1.570796237348232038e+00 1.000000000000000000e+00
2.856000060794096953e+02 -2.198384919416904495e+02 -1.570796237348232038e+00 1.000000000000000000e+00
2.856000060972990013e+02 -2.200384919595718429e+02 -1.570796237348232038e+00 1.000000000000000000e+00
2.856000061151883642e+02 -2.202384919476509140e+02 -1.570796237348232038e+00 1.000000000000000000e+00
2.856000061330776703e+02 -2.204384919357299850e+02 -1.570796237348232038e+00 1.000000000000000000e+00
2.856000061509669763e+02 -2.206384918642044113e+02 -1.570796237348232038e+00 1.000000000000000000e+00
2.856000061688563392e+02 -2.208384919118881271e+02 -1.570796237348232038e+00 1.000000000000000000e+00
2.856000061867456452e+02 -2.210384918403625534e+02 -1.570796237348232038e+00 1.000000000000000000e+00
2.856000062046350081e+02 -2.212384918880462692e+02 -1.570796237348232038e+00 1.000000000000000000e+00
2.856000062225243141e+02 -2.214384918165206955e+02 -1.570796237348232038e+00 1.000000000000000000e+00
2.856000062404136770e+02 -2.216384919834137008e+02 -1.570796237348232038e+00 1.000000000000000000e+00
2.856000062583029830e+02 -2.218384917926788376e+02 -1.570796237348232038e+00 1.000000000000000000e+00
2.856000062761923459e+02 -2.220384918403625534e+02 -1.570796237348232038e+00 1.000000000000000000e+00
2.856000062940816520e+02 -2.222384918880462692e+02 -1.570796237348232038e+00 1.000000000000000000e+00
2.856000063119709580e+02 -2.224384916973114059e+02 -1.570796237348232038e+00 1.000000000000000000e+00
2.856000063298603209e+02 -2.226384917449951217e+02 -1.570796237348232038e+00 1.000000000000000000e+00
2.856000063477496838e+02 -2.228384917926788376e+02 -1.570796237348232038e+00 1.000000000000000000e+00
2.856000063656389898e+02 -2.230384918403625534e+02 -1.570796237348232038e+00 1.000000000000000000e+00
2.856000063835282958e+02 -2.232384916496276901e+02 -1.570796237348232038e+00 1.000000000000000000e+00
2.856000064014176587e+02 -2.234384916973114059e+02 -1.570796237348232038e+00 1.000000000000000000e+00
2.855742797643252402e+02 -2.236382589746798146e+02 -1.589059815763149475e+00 1.000000000000000000e+00
2.855013355729060436e+02 -2.238353607968736014e+02 -1.636241660474452964e+00 1.000000000000000000e+00
2.854191763745706680e+02 -2.240288028928193285e+02 -1.683423505185756675e+00 1.000000000000000000e+00
2.853279850269435656e+02 -2.242181550721733743e+02 -1.730605349897060385e+00 1.000000000000000000e+00
2.852279645062548070e+02 -2.244029953188098432e+02 -1.777787194608364096e+00 1.000000000000000000e+00
2.851193374325582681e+02 -2.245829126083641540e+02 -1.824969039319667807e+00 1.000000000000000000e+00
2.850023455723824100e+02 -2.247575058961662933e+02 -1.872150884030971518e+00 1.000000000000000000e+00
2.848772492997822496e+02 -2.249263873819259629e+02 -1.919332728742275229e+00 1.000000000000000000e+00
2.847443270984417154e+02 -2.250891809914259341e+02 -1.966514573453578940e+00 1.000000000000000000e+00
2.846038745817000972e+02 -2.252455236348227459e+02 -2.013696537374172202e+00 1.000000000000000000e+00
2.844562047283823176e+02 -2.253950687011734999e+02 -2.060878382085475913e+00 1.000000000000000000e+00
2.843016459945741303e+02 -2.255374821910896515e+02 -2.108060226796779624e+00 1.000000000000000000e+00
2.841405424488203835e+02 -2.256724476000991046e+02 -2.155242071508083335e+00 1.000000000000000000e+00
2.839732526273144231e+02 -2.257996647446884140e+02 -2.202423916219387046e+00 1.000000000000000000e+00
2.838001488753396870e+02 -2.259188495919960076e+02 -2.249605760930690757e+00 1.000000000000000000e+00
2.836216165182318036e+02 -2.260297378916043840e+02 -2.296787605641994467e+00 1.000000000000000000e+00
2.834380528326424837e+02 -2.261320825962588401e+02 -2.343969450353298178e+00 1.000000000000000000e+00
2.832498663849163449e+02 -2.262256550855260571e+02 -2.391151295064601889e+00 1.000000000000000000e+00
2.830574761410767906e+02 -2.263102482855055655e+02 -2.438333139775905600e+00 1.000000000000000000e+00
2.828613101701290589e+02 -2.263856731020097470e+02 -2.485514984487209311e+00 1.000000000000000000e+00
2.826618050736667556e+02 -2.264517619960002150e+02 -2.532696829198513022e+00 1.000000000000000000e+00
2.824594048309536447e+02 -2.265083682577212016e+02 -2.579878673909816733e+00 1.000000000000000000e+00
2.822545603712296156e+02 -2.265553652716181148e+02 -2.627060518621120444e+00 1.000000000000000000e+00
2.820477271318505927e+02 -2.265926481568027384e+02 -2.674242363332424155e+00 1.000000000000000000e+00
2.818393656094436324e+02 -2.266201349226353727e+02 -2.721424208043727866e+00 1.000000000000000000e+00
2.816299395400263279e+02 -2.266377633253388240e+02 -2.768606052755031577e+00 1.000000000000000000e+00
2.814199152847047571e+02 -2.266454958240388748e+02 -2.815787897466335288e+00 1.000000000000000000e+00
2.812097600370691453e+02 -2.266433126097142861e+02 -2.862969742177638999e+00 1.000000000000000000e+00
2.809999414751689528e+02 -2.266312213179427886e+02 -2.910151586888942710e+00 1.000000000000000000e+00
2.807909267125413066e+02 -2.266092467096517566e+02 -2.957333431600246421e+00 1.000000000000000000e+00
2.805831810253447998e+02 -2.265774379906892477e+02 -3.004515276311550132e+00 1.000000000000000000e+00
2.803771668326138524e+02 -2.265358665911872720e+02 -3.051697121022853842e+00 1.000000000000000000e+00
2.801733424529444392e+02 -2.264846258495058180e+02 -3.098878965734157553e+00 1.000000000000000000e+00
2.799721479157930162e+02 -2.264299920785204847e+02 3.141592635752048501e+00 1.000000000000000000e+00
2.801721482018953111e+02 -2.264299920606311218e+02 3.141592635752048501e+00 -1.000000000000000000e+00
2.803721480111604478e+02 -2.264299920427418158e+02 3.141592635752048501e+00 -1.000000000000000000e+00
2.805721480588441636e+02 -2.264299920248524529e+02 3.141592635752048501e+00 -1.000000000000000000e+00
2.807721481065278795e+02 -2.264299920069631185e+02 3.141592635752048501e+00 -1.000000000000000000e+00
2.809721479157930162e+02 -2.264299919890738124e+02 3.141592635752048501e+00 -1.000000000000000000e+00
2.811721479634767320e+02 -2.264299919711844780e+02 3.141592635752048501e+00 -1.000000000000000000e+00
2.813721480111604478e+02 -2.264299919532951435e+02 3.141592635752048501e+00 -1.000000000000000000e+00
2.815721478204255845e+02 -2.264299919354058375e+02 3.141592635752048501e+00 -1.000000000000000000e+00
2.817721478681093004e+02 -2.264299919175164746e+02 3.141592635752048501e+00 -1.000000000000000000e+00
2.819721479157930162e+02 -2.264299918996271401e+02 3.141592635752048501e+00 -1.000000000000000000e+00
2.821721479634767320e+02 -2.264299918817378057e+02 3.141592635752048501e+00 -1.000000000000000000e+00
2.823721480111604478e+02 -2.264299918638484712e+02 3.141592635752048501e+00 -1.000000000000000000e+00
2.825721480588441636e+02 -2.264299918459591368e+02 3.141592635752048501e+00 -1.000000000000000000e+00
2.827721478681093004e+02 -2.264299918280698307e+02 3.141592635752048501e+00 -1.000000000000000000e+00
2.829721479157930162e+02 -2.264299918101804963e+02 3.141592635752048501e+00 -1.000000000000000000e+00
2.831721479634767320e+02 -2.264299917922911334e+02 3.141592635752048501e+00 -1.000000000000000000e+00
2.833721477727418687e+02 -2.264299917744018273e+02 3.141592635752048501e+00 -1.000000000000000000e+00
2.835721478204255845e+02 -2.264299917565124929e+02 3.141592635752048501e+00 -1.000000000000000000e+00
2.837721478681093004e+02 -2.264299917386231584e+02 3.141592635752048501e+00 -1.000000000000000000e+00
2.839721476773744371e+02 -2.264299917207338524e+02 3.141592635752048501e+00 -1.000000000000000000e+00
2.841721477250581529e+02 -2.264299917028444895e+02 3.141592635752048501e+00 -1.000000000000000000e+00
2.843721480111604478e+02 -2.264299916849551551e+02 3.141592635752048501e+00 -1.000000000000000000e+00
2.845721478204255845e+02 -2.264299916670658206e+02 3.141592635752048501e+00 -1.000000000000000000e+00
2.847721481065278795e+02 -2.264299916491764861e+02 3.141592635752048501e+00 -1.000000000000000000e+00
2.849721479157930162e+02 -2.264299916312871517e+02 3.141592635752048501e+00 -1.000000000000000000e+00
2.851721477250581529e+02 -2.264299916133978456e+02 3.141592635752048501e+00 -1.000000000000000000e+00
2.853721480111604478e+02 -2.264299915955084828e+02 3.141592635752048501e+00 -1.000000000000000000e+00
2.855721478204255845e+02 -2.264299915776191767e+02 3.141592635752048501e+00 -1.000000000000000000e+00
2.857721476296907213e+02 -2.264299915597298423e+02 3.141592635752048501e+00 -1.000000000000000000e+00
2.859721479157930162e+02 -2.264299915418405078e+02 3.141592635752048501e+00 -1.000000000000000000e+00
2.861721477250581529e+02 -2.264299915239511733e+02 3.141592635752048501e+00 -1.000000000000000000e+00
2.863721475343232896e+02 -2.264299915060618673e+02 3.141592635752048501e+00 -1.000000000000000000e+00
2.865721478204255845e+02 -2.264299914881725044e+02 3.141592635752048501e+00 -1.000000000000000000e+00
2.867721476296907213e+02 -2.264299914702831984e+02 3.141592635752048501e+00 -1.000000000000000000e+00
2.869721474389558580e+02 -2.264299914523938639e+02 3.141592635752048501e+00 -1.000000000000000000e+00
2.871721477250581529e+02 -2.264299914345045011e+02 3.141592635752048501e+00 -1.000000000000000000e+00
2.873721475343232896e+02 -2.264299914166151950e+02 3.141592635752048501e+00 -1.000000000000000000e+00
2.875721473435884263e+02 -2.264299913987258890e+02 3.141592635752048501e+00 -1.000000000000000000e+00
2.877721476296907213e+02 -2.264299913808365261e+02 3.141592635752048501e+00 -1.000000000000000000e+00
2.879721474389558580e+02 -2.264299913629471916e+02 3.141592635752048501e+00 -1.000000000000000000e+00
2.881721472482209947e+02 -2.264299913450578856e+02 3.141592635752048501e+00 -1.000000000000000000e+00
2.883721470574861314e+02 -2.264299913271685796e+02 3.141592635752048501e+00 -1.000000000000000000e+00
2.885721478204255845e+02 -2.264299913092791599e+02 3.141592635752048501e+00 -1.000000000000000000e+00
2.887721476296907213e+02 -2.264299912913898538e+02 3.141592635752048501e+00 -1.000000000000000000e+00
2.889721474389558580e+02 -2.264299912735005478e+02 3.141592635752048501e+00 -1.000000000000000000e+00
2.891721482018953111e+02 -2.264299912556111281e+02 3.141592635752048501e+00 -1.000000000000000000e+00
2.893721480111604478e+02 -2.264299912377218220e+02 3.141592635752048501e+00 -1.000000000000000000e+00
2.895721478204255845e+02 -2.264299912198325160e+02 3.141592635752048501e+00 -1.000000000000000000e+00
2.897721476296907213e+02 -2.264299912019431815e+02 3.141592635752048501e+00 -1.000000000000000000e+00
2.899721474389558580e+02 -2.264299911840538755e+02 3.141592635752048501e+00 -1.000000000000000000e+00
2.901721482018953111e+02 -2.264299911661644842e+02 3.141592635752048501e+00 -1.000000000000000000e+00
2.903721480111604478e+02 -2.264299911482751497e+02 3.141592635752048501e+00 -1.000000000000000000e+00
2.905721478204255845e+02 -2.264299911303858437e+02 3.141592635752048501e+00 -1.000000000000000000e+00
2.907721476296907213e+02 -2.264299911124965377e+02 3.141592635752048501e+00 -1.000000000000000000e+00
2.908999938964843750e+02 -2.264299926757812500e+02 3.141592653589793116e+00 -1.000000000000000000e+00
