2.856693385187816148e+02 -2.195579594100379666e+02 -1.523614392636928550e+00 1.000000000000000000e+00
2.857479513008624394e+02 -2.197528697866765413e+02 -1.476432547925624839e+00 1.000000000000000000e+00
2.858356694229334494e+02 -2.199438555869545269e+02 -1.429250703214321128e+00 1.000000000000000000e+00
2.859322976325684635e+02 -2.201304915926556305e+02 -1.382068858503017417e+00 1.000000000000000000e+00
2.860376208821049886e+02 -2.203123624932478890e+02 -1.334887013791713706e+00 1.000000000000000000e+00
2.861514047403940708e+02 -2.204890635485060102e+02 -1.287705169080409995e+00 1.000000000000000000e+00
2.862733959516598361e+02 -2.206602013257037811e+02 -1.240523324369106284e+00 1.000000000000000000e+00
2.864033230318061669e+02 -2.208253950479680157e+02 -1.193341479657802573e+00 1.000000000000000000e+00
2.865408967524713262e+02 -2.209842770936637919e+02 -1.146159634946498862e+00 1.000000000000000000e+00
2.866858109405582127e+02 -2.211364936603044953e+02 -1.098977790235195151e+00 1.000000000000000000e+00
2.868377432426448195e+02 -2.212817059890639655e+02 -1.051795826314601889e+00 1.000000000000000000e+00
2.869963551254377876e+02 -2.214195911394973280e+02 -1.004613981603298178e+00 1.000000000000000000e+00
2.871612936982336919e+02 -2.215498417759091865e+02 -9.574321964966391318e-01 1.000000000000000000e+00
2.873321919461645280e+02 -2.216721685051502675e+02 -9.102503517853355319e-01 1.000000000000000000e+00
2.875086695092511491e+02 -2.217862985856347677e+02 -8.630685070740318210e-01 1.000000000000000000e+00
2.876903335114976699e+02 -2.218919784194264651e+02 -8.158866623627279990e-01 1.000000000000000000e+00
2.878309444704311204e+02 -2.220342583669846022e+02 -8.141435841309165866e-01 1.000000000000000000e+00
2.879167309199957003e+02 -2.222261195144787962e+02 -8.613254288422201865e-01 1.000000000000000000e+00
2.879933728441991434e+02 -2.224218133859342572e+02 -9.085072735535240085e-01 1.000000000000000000e+00
2.880606998085606278e+02 -2.226209041641616295e+02 -9.556891778694724948e-01 1.000000000000000000e+00
2.881185617238749046e+02 -2.228229486031325735e+02 -1.002871022580776206e+00 1.000000000000000000e+00
2.881668301029476993e+02 -2.230274974647489046e+02 -1.050052867292079917e+00 1.000000000000000000e+00
2.882053972203688090e+02 -2.232340947842523349e+02 -1.097234712003383628e+00 1.000000000000000000e+00
2.882341773239344889e+02 -2.234422819009397472e+02 -1.144416556714687339e+00 1.000000000000000000e+00
2.882531065916451212e+02 -2.236515942730049176e+02 -1.191598401425991050e+00 1.000000000000000000e+00
2.882621426049782940e+02 -2.238615663851685440e+02 -1.238780246137294760e+00 1.000000000000000000e+00
2.882612654848442162e+02 -2.240717313973467526e+02 -1.285962090848598471e+00 1.000000000000000000e+00
2.882504768761822902e+02 -2.242816207792878060e+02 -1.333143935559902182e+00 1.000000000000000000e+00
2.882298010734012905e+02 -2.244907677456251633e+02 -1.380325780271205893e+00 1.000000000000000000e+00
2.881992839958080026e+02 -2.246987073385739961e+02 -1.427507624982509604e+00 1.000000000000000000e+00
2.881589935899909278e+02 -2.249049755422731209e+02 -1.474689469693813315e+00 1.000000000000000000e+00
2.881090195140891979e+02 -2.251091145811771526e+02 -1.521871314405117026e+00 1.000000000000000000e+00
2.880494728199032011e+02 -2.253106686667555891e+02 -1.569053159116420737e+00 1.000000000000000000e+00
2.879804863488128603e+02 -2.255091906964107693e+02 -1.616235003827724448e+00 1.000000000000000000e+00
2.879914791293784901e+02 -2.257097322034326510e+02 -1.601127252935085288e+00 1.000000000000000000e+00
2.879377181081959520e+02 -2.255065579343735749e+02 -1.648309097646388999e+00 -1.000000000000000000e+00
2.878935992943297606e+02 -2.253010741071060750e+02 -1.695490942357692710e+00 -1.000000000000000000e+00
2.878592214621868379e+02 -2.250937382228435979e+02 -1.742672787068996421e+00 -1.000000000000000000e+00
2.878346603691717291e+02 -2.248850116557913168e+02 -1.789854631780300132e+00 -1.000000000000000000e+00
2.878199713000432780e+02 -2.246753591290049599e+02 -1.837036476491603842e+00 -1.000000000000000000e+00
2.878151866070648452e+02 -2.244652467448551363e+02 -1.884218321202907553e+00 -1.000000000000000000e+00
2.878203170681345568e+02 -2.242551428617704232e+02 -1.931400165914211264e+00 -1.000000000000000000e+00
2.878353513415407292e+02 -2.240455146648730818e+02 -1.978582010625514975e+00 -1.000000000000000000e+00
2.878602556637933958e+02 -2.238368285369423916e+02 -2.025763855336818686e+00 -1.000000000000000000e+00
2.878949749832972316e+02 -2.236295499384073651e+02 -2.072945700048122397e+00 -1.000000000000000000e+00
2.879394317158281638e+02 -2.234241389819380856e+02 -2.120127544759426108e+00 -1.000000000000000000e+00
2.879935271292536072e+02 -2.232210531460259517e+02 -2.167309389470729819e+00 -1.000000000000000000e+00
2.880571408281730896e+02 -2.230207452069516876e+02 -2.214491234182033530e+00 -1.000000000000000000e+00
2.881301309617017523e+02 -2.228236604426148801e+02 -2.261673078893337241e+00 -1.000000000000000000e+00
2.882123353934139800e+02 -2.226302374001452620e+02 -2.308854923604640952e+00 -1.000000000000000000e+00
2.883035707345850369e+02 -2.224409067440834917e+02 -2.356036768315944663e+00 -1.000000000000000000e+00
2.884036342480810617e+02 -2.222560898545012549e+02 -2.403218613027248374e+00 -1.000000000000000000e+00
2.885123033782268180e+02 -2.220761981292030498e+02 -2.450400457738552085e+00 -1.000000000000000000e+00
2.886293362450269910e+02 -2.219016317984079478e+02 -2.497582302449855796e+00 -1.000000000000000000e+00
2.887544716727221612e+02 -2.217327796829385704e+02 -2.544764147161159507e+00 -1.000000000000000000e+00
2.888874316141680652e+02 -2.215700172738507661e+02 -2.591945991872463217e+00 -1.000000000000000000e+00
2.890279205689701598e+02 -2.214137066625006298e+02 -2.639128075002346030e+00 -1.000000000000000000e+00
2.891756254810886730e+02 -2.212641965107577846e+02 -2.686309681295070639e+00 -1.000000000000000000e+00
2.893302172132737837e+02 -2.211218188501151758e+02 -2.733491764424953452e+00 -1.000000000000000000e+00
2.894913521438702446e+02 -2.209868912518315938e+02 -2.780673370717678061e+00 -1.000000000000000000e+00
2.896586717565842264e+02 -2.208597132265520600e+02 -2.827855453847560874e+00 -1.000000000000000000e+00
2.898318035243307236e+02 -2.207405686195384362e+02 -2.875037060140285483e+00 -1.000000000000000000e+00
2.900103614601774780e+02 -2.206297218143007228e+02 -2.922219143270168296e+00 -1.000000000000000000e+00
2.901939489493342421e+02 -2.205274205191815895e+02 -2.969400749562892905e+00 -1.000000000000000000e+00
2.903821574165622792e+02 -2.204338911062513944e+02 -3.016582832692775717e+00 -1.000000000000000000e+00
2.905745672791373977e+02 -2.203493434164109033e+02 -3.063764438985500327e+00 -1.000000000000000000e+00
2.907707509414660194e+02 -2.202739638508761288e+02 -3.110946522115383139e+00 -1.000000000000000000e+00
2.908999938964843750e+02 -2.202299957275390625e+02 3.141592653589793116e+00 -1.000000000000000000e+00
